0.000000000000000000e+00
1.988071570576540551e-03
3.976143141153081102e-03
4.473161033797216565e-03
4.473161033797216565e-03
4.473161033797216565e-03
4.473161033797216565e-03
4.473161033797216565e-03
4.473161033797216565e-03
4.970178926441352028e-03
5.467196819085487491e-03
5.467196819085487491e-03
5.467196819085487491e-03
5.964214711729622087e-03
6.461232604373757550e-03
6.461232604373757550e-03
6.958250497017893013e-03
6.958250497017893013e-03
6.958250497017893013e-03
6.958250497017893013e-03
6.958250497017893013e-03
6.958250497017893013e-03
6.958250497017893013e-03
6.958250497017893013e-03
7.455268389662027609e-03
7.455268389662027609e-03
7.455268389662027609e-03
7.455268389662027609e-03
7.455268389662027609e-03
7.455268389662027609e-03
7.455268389662027609e-03
7.455268389662027609e-03
7.455268389662027609e-03
7.455268389662027609e-03
7.455268389662027609e-03
7.455268389662027609e-03
7.455268389662027609e-03
7.455268389662027609e-03
7.455268389662027609e-03
7.455268389662027609e-03
7.455268389662027609e-03
7.455268389662027609e-03
7.455268389662027609e-03
7.455268389662027609e-03
7.952286282306162205e-03
7.952286282306162205e-03
7.952286282306162205e-03
7.952286282306162205e-03
7.952286282306162205e-03
7.952286282306162205e-03
7.952286282306162205e-03
7.952286282306162205e-03
7.952286282306162205e-03
7.952286282306162205e-03
7.952286282306162205e-03
7.952286282306162205e-03
7.952286282306162205e-03
7.952286282306162205e-03
7.952286282306162205e-03
7.952286282306162205e-03
7.952286282306162205e-03
7.952286282306162205e-03
7.952286282306162205e-03
7.952286282306162205e-03
7.952286282306162205e-03
8.449304174950298535e-03
8.449304174950298535e-03
8.449304174950298535e-03
8.449304174950298535e-03
8.449304174950298535e-03
8.449304174950298535e-03
8.449304174950298535e-03
8.449304174950298535e-03
8.449304174950298535e-03
8.449304174950298535e-03
8.449304174950298535e-03
8.449304174950298535e-03
8.449304174950298535e-03
8.449304174950298535e-03
8.449304174950298535e-03
8.449304174950298535e-03
8.449304174950298535e-03
8.449304174950298535e-03
8.449304174950298535e-03
8.449304174950298535e-03
8.449304174950298535e-03
8.449304174950298535e-03
8.449304174950298535e-03
8.449304174950298535e-03
8.449304174950298535e-03
8.449304174950298535e-03
8.449304174950298535e-03
8.449304174950298535e-03
8.449304174950298535e-03
8.449304174950298535e-03
8.449304174950298535e-03
8.449304174950298535e-03
8.449304174950298535e-03
8.449304174950298535e-03
8.449304174950298535e-03
8.449304174950298535e-03
8.946322067594433131e-03
8.946322067594433131e-03
8.946322067594433131e-03
8.946322067594433131e-03
8.946322067594433131e-03
8.946322067594433131e-03
8.946322067594433131e-03
8.946322067594433131e-03
8.946322067594433131e-03
8.946322067594433131e-03
8.946322067594433131e-03
8.946322067594433131e-03
8.946322067594433131e-03
8.946322067594433131e-03
8.946322067594433131e-03
8.946322067594433131e-03
8.946322067594433131e-03
8.946322067594433131e-03
8.946322067594433131e-03
8.946322067594433131e-03
8.946322067594433131e-03
8.946322067594433131e-03
8.946322067594433131e-03
8.946322067594433131e-03
8.946322067594433131e-03
8.946322067594433131e-03
8.946322067594433131e-03
8.946322067594433131e-03
8.946322067594433131e-03
8.946322067594433131e-03
8.946322067594433131e-03
8.946322067594433131e-03
8.946322067594433131e-03
8.946322067594433131e-03
8.946322067594433131e-03
8.946322067594433131e-03
8.946322067594433131e-03
8.946322067594433131e-03
8.946322067594433131e-03
8.946322067594433131e-03
8.946322067594433131e-03
9.443339960238567726e-03
9.443339960238567726e-03
9.443339960238567726e-03
9.443339960238567726e-03
9.443339960238567726e-03
9.443339960238567726e-03
9.443339960238567726e-03
9.443339960238567726e-03
9.443339960238567726e-03
9.443339960238567726e-03
9.443339960238567726e-03
9.443339960238567726e-03
9.443339960238567726e-03
9.443339960238567726e-03
9.443339960238567726e-03
9.443339960238567726e-03
9.443339960238567726e-03
9.443339960238567726e-03
9.443339960238567726e-03
9.443339960238567726e-03
9.443339960238567726e-03
9.443339960238567726e-03
9.443339960238567726e-03
9.443339960238567726e-03
9.443339960238567726e-03
9.443339960238567726e-03
9.443339960238567726e-03
9.443339960238567726e-03
9.940357852882704057e-03
1.043737574552683865e-02
1.043737574552683865e-02
1.043737574552683865e-02
1.043737574552683865e-02
1.093439363817097498e-02
1.093439363817097498e-02
1.093439363817097498e-02
1.093439363817097498e-02
1.093439363817097498e-02
1.093439363817097498e-02
1.093439363817097498e-02
1.093439363817097498e-02
1.093439363817097498e-02
1.093439363817097498e-02
1.093439363817097498e-02
1.093439363817097498e-02
1.093439363817097498e-02
1.093439363817097498e-02
1.093439363817097498e-02
1.093439363817097498e-02
1.093439363817097498e-02
1.093439363817097498e-02
1.093439363817097498e-02
1.093439363817097498e-02
1.093439363817097498e-02
1.093439363817097498e-02
1.093439363817097498e-02
1.093439363817097498e-02
1.093439363817097498e-02
1.093439363817097498e-02
1.093439363817097498e-02
1.093439363817097498e-02
1.093439363817097498e-02
1.093439363817097498e-02
1.093439363817097498e-02
1.093439363817097498e-02
1.093439363817097498e-02
1.093439363817097498e-02
1.093439363817097498e-02
1.093439363817097498e-02
1.093439363817097498e-02
1.093439363817097498e-02
1.093439363817097498e-02
1.093439363817097498e-02
1.093439363817097498e-02
1.093439363817097498e-02
1.093439363817097498e-02
1.093439363817097498e-02
1.093439363817097498e-02
1.093439363817097498e-02
1.093439363817097498e-02
1.093439363817097498e-02
1.093439363817097498e-02
1.093439363817097498e-02
1.093439363817097498e-02
1.093439363817097498e-02
1.093439363817097498e-02
1.093439363817097498e-02
1.093439363817097498e-02
1.093439363817097498e-02
1.093439363817097498e-02
1.093439363817097498e-02
1.093439363817097498e-02
1.093439363817097498e-02
1.093439363817097498e-02
1.093439363817097498e-02
1.093439363817097498e-02
1.093439363817097498e-02
1.093439363817097498e-02
1.093439363817097498e-02
1.093439363817097498e-02
1.093439363817097498e-02
1.093439363817097498e-02
1.093439363817097498e-02
1.093439363817097498e-02
1.093439363817097498e-02
1.093439363817097498e-02
1.093439363817097498e-02
1.093439363817097498e-02
1.093439363817097498e-02
1.093439363817097498e-02
1.093439363817097498e-02
1.093439363817097498e-02
1.093439363817097498e-02
1.093439363817097498e-02
1.093439363817097498e-02
1.093439363817097498e-02
1.093439363817097498e-02
1.093439363817097498e-02
1.093439363817097498e-02
1.093439363817097498e-02
1.093439363817097498e-02
1.093439363817097498e-02
1.093439363817097498e-02
1.093439363817097498e-02
1.093439363817097498e-02
1.093439363817097498e-02
1.093439363817097498e-02
1.093439363817097498e-02
1.093439363817097498e-02
1.093439363817097498e-02
1.093439363817097498e-02
1.093439363817097498e-02
1.093439363817097498e-02
1.093439363817097498e-02
1.093439363817097498e-02
1.093439363817097498e-02
1.093439363817097498e-02
1.093439363817097498e-02
1.093439363817097498e-02
1.093439363817097498e-02
1.093439363817097498e-02
1.093439363817097498e-02
1.093439363817097498e-02
1.093439363817097498e-02
1.093439363817097498e-02
1.093439363817097498e-02
1.093439363817097498e-02
1.093439363817097498e-02
1.093439363817097498e-02
1.093439363817097498e-02
1.093439363817097498e-02
1.093439363817097498e-02
1.093439363817097498e-02
1.093439363817097498e-02
1.093439363817097498e-02
1.093439363817097498e-02
1.093439363817097498e-02
1.093439363817097498e-02
1.093439363817097498e-02
1.093439363817097498e-02
1.093439363817097498e-02
1.093439363817097498e-02
1.093439363817097498e-02
1.093439363817097498e-02
1.093439363817097498e-02
1.093439363817097498e-02
1.093439363817097498e-02
1.093439363817097498e-02
1.093439363817097498e-02
1.093439363817097498e-02
1.093439363817097498e-02
1.093439363817097498e-02
1.093439363817097498e-02
1.093439363817097498e-02
1.093439363817097498e-02
1.093439363817097498e-02
1.093439363817097498e-02
1.093439363817097498e-02
1.093439363817097498e-02
1.093439363817097498e-02
1.093439363817097498e-02
1.093439363817097498e-02
1.093439363817097498e-02
1.093439363817097498e-02
1.093439363817097498e-02
1.093439363817097498e-02
1.143141153081510958e-02
1.143141153081510958e-02
1.143141153081510958e-02
1.143141153081510958e-02
1.143141153081510958e-02
1.143141153081510958e-02
1.192842942345924417e-02
1.192842942345924417e-02
1.242544731610338050e-02
1.242544731610338050e-02
1.242544731610338050e-02
1.242544731610338050e-02
1.292246520874751510e-02
1.292246520874751510e-02
1.292246520874751510e-02
1.292246520874751510e-02
1.292246520874751510e-02
1.292246520874751510e-02
1.292246520874751510e-02
1.292246520874751510e-02
1.292246520874751510e-02
1.292246520874751510e-02
1.292246520874751510e-02
1.292246520874751510e-02
1.292246520874751510e-02
1.292246520874751510e-02
1.292246520874751510e-02
1.292246520874751510e-02
1.292246520874751510e-02
1.292246520874751510e-02
1.292246520874751510e-02
1.292246520874751510e-02
1.292246520874751510e-02
1.292246520874751510e-02
1.292246520874751510e-02
1.292246520874751510e-02
1.292246520874751510e-02
1.292246520874751510e-02
1.292246520874751510e-02
1.292246520874751510e-02
1.292246520874751510e-02
1.341948310139164970e-02
1.341948310139164970e-02
1.341948310139164970e-02
1.341948310139164970e-02
1.341948310139164970e-02
1.341948310139164970e-02
1.341948310139164970e-02
1.341948310139164970e-02
1.341948310139164970e-02
1.341948310139164970e-02
1.341948310139164970e-02
1.341948310139164970e-02
1.341948310139164970e-02
1.341948310139164970e-02
1.341948310139164970e-02
1.341948310139164970e-02
1.341948310139164970e-02
1.341948310139164970e-02
1.341948310139164970e-02
1.341948310139164970e-02
1.341948310139164970e-02
1.341948310139164970e-02
1.341948310139164970e-02
1.341948310139164970e-02
1.341948310139164970e-02
1.341948310139164970e-02
1.341948310139164970e-02
1.341948310139164970e-02
1.341948310139164970e-02
1.341948310139164970e-02
1.391650099403578603e-02
1.391650099403578603e-02
1.391650099403578603e-02
1.391650099403578603e-02
1.391650099403578603e-02
1.391650099403578603e-02
1.391650099403578603e-02
1.391650099403578603e-02
1.441351888667992062e-02
1.441351888667992062e-02
1.441351888667992062e-02
1.441351888667992062e-02
1.441351888667992062e-02
1.441351888667992062e-02
1.441351888667992062e-02
1.441351888667992062e-02
1.491053677932405522e-02
1.491053677932405522e-02
1.540755467196819155e-02
1.540755467196819155e-02
1.540755467196819155e-02
1.540755467196819155e-02
1.540755467196819155e-02
1.540755467196819155e-02
1.540755467196819155e-02
1.540755467196819155e-02
1.540755467196819155e-02
1.540755467196819155e-02
1.540755467196819155e-02
1.540755467196819155e-02
1.590457256461232441e-02
1.590457256461232441e-02
1.590457256461232441e-02
1.590457256461232441e-02
1.640159045725646247e-02
1.640159045725646247e-02
1.640159045725646247e-02
1.640159045725646247e-02
1.640159045725646247e-02
1.640159045725646247e-02
1.640159045725646247e-02
1.640159045725646247e-02
1.640159045725646247e-02
1.640159045725646247e-02
1.640159045725646247e-02
1.689860834990059707e-02
1.689860834990059707e-02
1.689860834990059707e-02
1.689860834990059707e-02
1.689860834990059707e-02
1.689860834990059707e-02
1.689860834990059707e-02
1.689860834990059707e-02
1.739562624254473167e-02
1.739562624254473167e-02
1.739562624254473167e-02
1.789264413518886626e-02
1.789264413518886626e-02
1.789264413518886626e-02
1.838966202783300086e-02
1.838966202783300086e-02
1.838966202783300086e-02
1.838966202783300086e-02
1.838966202783300086e-02
1.838966202783300086e-02
1.888667992047713545e-02
1.888667992047713545e-02
1.888667992047713545e-02
1.888667992047713545e-02
1.888667992047713545e-02
1.888667992047713545e-02
1.888667992047713545e-02
1.888667992047713545e-02
1.888667992047713545e-02
1.888667992047713545e-02
1.888667992047713545e-02
1.938369781312127352e-02
1.938369781312127352e-02
1.988071570576540811e-02
1.988071570576540811e-02
2.037773359840954271e-02
2.037773359840954271e-02
2.087475149105367730e-02
2.087475149105367730e-02
2.137176938369781190e-02
2.137176938369781190e-02
2.186878727634194997e-02
2.186878727634194997e-02
2.186878727634194997e-02
2.186878727634194997e-02
2.236580516898608456e-02
2.236580516898608456e-02
2.286282306163021916e-02
2.286282306163021916e-02
2.335984095427435375e-02
2.335984095427435375e-02
2.385685884691848835e-02
2.385685884691848835e-02
2.435387673956262294e-02
2.435387673956262294e-02
2.485089463220676101e-02
2.485089463220676101e-02
2.534791252485089560e-02
2.534791252485089560e-02
2.584493041749503020e-02
2.584493041749503020e-02
2.634194831013916480e-02
2.634194831013916480e-02
2.683896620278329939e-02
2.683896620278329939e-02
2.733598409542743399e-02
2.733598409542743399e-02
2.833001988071570665e-02
2.833001988071570665e-02
2.882703777335984124e-02
2.882703777335984124e-02
2.932405566600397584e-02
2.932405566600397584e-02
2.982107355864811044e-02
2.982107355864811044e-02
3.031809145129224503e-02
3.031809145129224503e-02
3.081510934393638310e-02
3.081510934393638310e-02
3.131212723658051422e-02
3.131212723658051422e-02
3.180914512922464882e-02
3.180914512922464882e-02
3.230616302186879035e-02
3.230616302186879035e-02
3.330019880715705954e-02
3.330019880715705954e-02
3.379721669980119414e-02
3.379721669980119414e-02
3.429423459244532874e-02
3.429423459244532874e-02
3.479125248508946333e-02
3.479125248508946333e-02
3.528827037773359793e-02
3.528827037773359793e-02
3.578528827037773252e-02
3.578528827037773252e-02
3.628230616302186712e-02
3.628230616302186712e-02
3.677932405566600171e-02
3.677932405566600171e-02
3.727634194831013631e-02
3.727634194831013631e-02
3.777335984095427091e-02
3.777335984095427091e-02
3.827037773359841244e-02
3.827037773359841244e-02
3.876739562624254704e-02
3.876739562624254704e-02
3.926441351888668163e-02
3.926441351888668163e-02
3.976143141153081623e-02
3.976143141153081623e-02
4.025844930417495082e-02
4.025844930417495082e-02
4.075546719681908542e-02
4.075546719681908542e-02
4.125248508946322001e-02
4.125248508946322001e-02
4.174950298210735461e-02
4.174950298210735461e-02
4.224652087475148921e-02
4.224652087475148921e-02
4.274353876739562380e-02
4.274353876739562380e-02
4.324055666003975840e-02
4.324055666003975840e-02
4.423459244532803453e-02
4.423459244532803453e-02
4.572564612326043831e-02
4.572564612326043831e-02
4.622266401590457291e-02
4.622266401590457291e-02
4.771371769383697670e-02
4.771371769383697670e-02
4.870775347912524589e-02
4.870775347912524589e-02
4.920477137176938048e-02
4.920477137176938048e-02
4.970178926441352202e-02
4.970178926441352202e-02
5.019880715705765661e-02
5.019880715705765661e-02
5.069582504970179121e-02
5.069582504970179121e-02
5.119284294234592581e-02
5.119284294234592581e-02
5.168986083499006040e-02
5.168986083499006040e-02
5.218687872763419500e-02
5.218687872763419500e-02
5.318091451292246419e-02
5.318091451292246419e-02
5.417495029821073338e-02
5.417495029821073338e-02
5.516898608349900257e-02
5.516898608349900257e-02
5.566600397614314411e-02
5.566600397614314411e-02
5.616302186878727870e-02
5.616302186878727870e-02
5.666003976143141330e-02
5.666003976143141330e-02
5.715705765407554789e-02
5.715705765407554789e-02
5.765407554671968249e-02
5.765407554671968249e-02
5.815109343936381708e-02
5.815109343936381708e-02
5.864811133200795168e-02
5.864811133200795168e-02
5.964214711729622087e-02
5.964214711729622087e-02
6.013916500994035547e-02
6.013916500994035547e-02
6.063618290258449006e-02
6.063618290258449006e-02
6.312127236580516998e-02
6.312127236580516998e-02
6.461232604373758071e-02
6.461232604373758071e-02
6.510934393638170836e-02
6.510934393638170836e-02
6.660039761431411909e-02
6.660039761431411909e-02
6.759443339960238828e-02
6.759443339960238828e-02
6.809145129224651594e-02
6.809145129224651594e-02
7.157057654075546504e-02
7.157057654075546504e-02
7.256461232604373424e-02
7.256461232604373424e-02
7.355864811133200343e-02
7.355864811133200343e-02
7.455268389662027262e-02
7.455268389662027262e-02
7.504970178926441415e-02
7.504970178926441415e-02
7.554671968190854181e-02
7.554671968190854181e-02
7.753479125248509407e-02
7.753479125248509407e-02
7.852882703777336326e-02
7.852882703777336326e-02
7.902584493041749092e-02
7.902584493041749092e-02
7.952286282306163245e-02
7.952286282306163245e-02
8.051689860834990164e-02
8.051689860834990164e-02
8.200795228628231237e-02
8.200795228628231237e-02
8.300198807157058156e-02
8.300198807157058156e-02
8.349900596421470922e-02
8.349900596421470922e-02
8.399602385685885075e-02
8.399602385685885075e-02
8.449304174950297841e-02
8.449304174950297841e-02
8.499005964214711994e-02
8.499005964214711994e-02
8.797216699801192752e-02
8.797216699801192752e-02
8.896620278330019671e-02
8.896620278330019671e-02
8.946322067594433824e-02
8.946322067594433824e-02
9.294234592445327348e-02
9.294234592445327348e-02
9.343936381709741501e-02
9.343936381709741501e-02
9.443339960238568420e-02
9.443339960238568420e-02
1.018886679920477101e-01
1.018886679920477101e-01
1.038767395626242485e-01
1.038767395626242485e-01
1.048707753479125315e-01
1.048707753479125315e-01
1.123260437375745574e-01
1.123260437375745574e-01
1.128230616302186851e-01
1.128230616302186851e-01
1.133200795228628266e-01
1.133200795228628266e-01
1.138170974155069542e-01
1.138170974155069542e-01
1.197813121272365833e-01
1.197813121272365833e-01
1.212723658051689801e-01
1.212723658051689801e-01
1.237574552683896600e-01
1.237574552683896600e-01
1.252485089463220569e-01
1.252485089463220569e-01
1.322067594433399551e-01
1.322067594433399551e-01
1.341948310139164935e-01
1.341948310139164935e-01
1.366799204771371734e-01
1.366799204771371734e-01
1.376739562624254565e-01
1.376739562624254565e-01
1.431411530815109301e-01
1.431411530815109301e-01
1.461232604373757515e-01
1.461232604373757515e-01
1.466202783300198931e-01
1.466202783300198931e-01
1.476143141153081484e-01
1.476143141153081484e-01
1.481113320079522899e-01
1.481113320079522899e-01
1.520874751491053667e-01
1.520874751491053667e-01
1.550695825049701881e-01
1.550695825049701881e-01
1.560636182902584435e-01
1.560636182902584435e-01
1.590457256461232649e-01
1.590457256461232649e-01
1.610337972166998033e-01
1.610337972166998033e-01
1.689860834990059568e-01
1.689860834990059568e-01
1.769383697813121381e-01
1.769383697813121381e-01
1.824055666003976117e-01
1.824055666003976117e-01
1.858846918489065470e-01
1.858846918489065470e-01
1.963220675944334082e-01
1.963220675944334082e-01
2.037773359840954202e-01
2.037773359840954202e-01
2.087475149105367800e-01
2.087475149105367800e-01
2.261431411530815117e-01
2.261431411530815117e-01
2.286282306163021916e-01
2.286282306163021916e-01
2.365805168986083451e-01
2.365805168986083451e-01
2.534791252485089630e-01
2.534791252485089630e-01
2.539761431411530768e-01
2.539761431411530768e-01
2.584493041749503228e-01
2.584493041749503228e-01
2.604373757455268334e-01
2.604373757455268334e-01
2.683896620278329870e-01
2.683896620278329870e-01
2.698807157057653838e-01
2.698807157057653838e-01
2.887673956262425401e-01
2.887673956262425401e-01
2.957256461232604106e-01
2.957256461232604106e-01
3.041749502982107334e-01
3.041749502982107334e-01
3.086481113320079794e-01
3.086481113320079794e-01
3.101391650099403763e-01
3.101391650099403763e-01
3.131212723658051700e-01
3.131212723658051700e-01
3.190854870775348129e-01
3.190854870775348129e-01
3.280318091451292495e-01
3.280318091451292495e-01
3.374751491053677999e-01
3.374751491053677999e-01
3.474155069582505195e-01
3.474155069582505195e-01
3.568588469184890699e-01
3.568588469184890699e-01
3.767395626242544537e-01
3.767395626242544537e-01
4.254473161033797135e-01
4.254473161033797135e-01
4.483101391650099465e-01
4.483101391650099465e-01
4.831013916500994099e-01
4.831013916500994099e-01
4.935387673956262433e-01
4.935387673956262433e-01
5.044731610337972461e-01
5.044731610337972461e-01
6.903578528827037930e-01
6.903578528827037930e-01
6.958250497017892666e-01
6.958250497017892666e-01
6.998011928429423989e-01
6.998011928429423989e-01
7.977137176938370322e-01
7.977137176938370322e-01
9.592445328031808938e-01
9.592445328031808938e-01
1.000000000000000000e+00
