0.000000000000000000e+00
3.008838383838383645e-01
3.941919191919192045e-01
4.378787878787878673e-01
4.688131313131312927e-01
4.909090909090909061e-01
5.056818181818182323e-01
5.194444444444444864e-01
5.401515151515151603e-01
5.492424242424241987e-01
5.575757575757576134e-01
5.643939393939394478e-01
5.705808080808081328e-01
5.771464646464646853e-01
5.827020202020202211e-01
5.882575757575757569e-01
5.933080808080808399e-01
5.977272727272727737e-01
6.011363636363636909e-01
6.054292929292929282e-01
6.089646464646464308e-01
6.133838383838383645e-01
6.160353535353535470e-01
6.202020202020201989e-01
6.227272727272726849e-01
6.260101010101010166e-01
6.271464646464646187e-01
6.304292929292929504e-01
6.328282828282828509e-01
6.358585858585859008e-01
6.382575757575758013e-01
6.401515151515151381e-01
6.410353535353535692e-01
6.428030303030303205e-01
6.454545454545455030e-01
6.470959595959595578e-01
6.483585858585858563e-01
6.498737373737373257e-01
6.510101010101010388e-01
6.534090909090909394e-01
6.544191919191919560e-01
6.559343434343434254e-01
6.566919191919191601e-01
6.579545454545454586e-01
6.593434343434343425e-01
6.614898989898989612e-01
6.631313131313131271e-01
6.655303030303030276e-01
6.688131313131313593e-01
6.700757575757575468e-01
6.715909090909091272e-01
6.728535353535353147e-01
6.742424242424241987e-01
6.765151515151515138e-01
6.784090909090909616e-01
6.795454545454545636e-01
6.797979797979798455e-01
6.809343434343434476e-01
6.821969696969697461e-01
6.837121212121212155e-01
6.845959595959596466e-01
6.858585858585858341e-01
6.866161616161615688e-01
6.876262626262625854e-01
6.890151515151514694e-01
6.897727272727273151e-01
6.901515151515151825e-01
6.912878787878787845e-01
6.925505050505050830e-01
6.934343434343434032e-01
6.946969696969697017e-01
6.958333333333333037e-01
6.968434343434343203e-01
6.977272727272727515e-01
6.997474747474747847e-01
7.005050505050505194e-01
7.010101010101009722e-01
7.018939393939394034e-01
7.026515151515151381e-01
7.032828282828282873e-01
7.036616161616161547e-01
7.051767676767676241e-01
7.059343434343434698e-01
7.065656565656566190e-01
7.070707070707070718e-01
7.078282828282828065e-01
7.087121212121212377e-01
7.092171717171716905e-01
7.101010101010101216e-01
7.104797979797979890e-01
7.113636363636363091e-01
7.117424242424242875e-01
7.123737373737373257e-01
7.128787878787878896e-01
7.135101010101010388e-01
7.147727272727272263e-01
7.159090909090909394e-01
7.161616161616161103e-01
7.166666666666666741e-01
7.174242424242424088e-01
7.180555555555555580e-01
7.184343434343434254e-01
7.189393939393939892e-01
7.196969696969697239e-01
7.205808080808080440e-01
7.212121212121211933e-01
7.217171717171717571e-01
7.220959595959596244e-01
7.228535353535353591e-01
7.234848484848485084e-01
7.237373737373737903e-01
7.243686868686868285e-01
7.248737373737373924e-01
7.257575757575757125e-01
7.265151515151515582e-01
7.272727272727272929e-01
7.280303030303030276e-01
7.282828282828283095e-01
7.292929292929293261e-01
7.295454545454544970e-01
7.300505050505050608e-01
7.310606060606060774e-01
7.321969696969696795e-01
7.325757575757575468e-01
7.334595959595959780e-01
7.337121212121212599e-01
7.342171717171717127e-01
7.343434343434342981e-01
7.348484848484848619e-01
7.356060606060605966e-01
7.362373737373737459e-01
7.364898989898990278e-01
7.375000000000000444e-01
7.381313131313130826e-01
7.386363636363636465e-01
7.393939393939393812e-01
7.396464646464646631e-01
7.400252525252525304e-01
7.406565656565656797e-01
7.411616161616161325e-01
7.414141414141414144e-01
7.417929292929292817e-01
7.424242424242424310e-01
7.429292929292928838e-01
7.433080808080808621e-01
7.440656565656565968e-01
7.445707070707070496e-01
7.450757575757576134e-01
7.457070707070706517e-01
7.459595959595959336e-01
7.464646464646464974e-01
7.472222222222222321e-01
7.477272727272726849e-01
7.483585858585858341e-01
7.486111111111111160e-01
7.492424242424242653e-01
7.494949494949495472e-01
7.502525252525252819e-01
7.507575757575757347e-01
7.510101010101010166e-01
7.517676767676767513e-01
7.518939393939394478e-01
7.525252525252524860e-01
7.526515151515151825e-01
7.529040404040403534e-01
7.530303030303030498e-01
7.532828282828283317e-01
7.534090909090909172e-01
7.539141414141413700e-01
7.546717171717172157e-01
7.547979797979798011e-01
7.551767676767676685e-01
7.555555555555555358e-01
7.560606060606060996e-01
7.564393939393939670e-01
7.569444444444444198e-01
7.574494949494949836e-01
7.579545454545454364e-01
7.583333333333333037e-01
7.584595959595960002e-01
7.589646464646464530e-01
7.593434343434343203e-01
7.599747474747474696e-01
7.602272727272727515e-01
7.608585858585859008e-01
7.613636363636363535e-01
7.614898989898989390e-01
7.622474747474747847e-01
7.624999999999999556e-01
7.630050505050505194e-01
7.638888888888888395e-01
7.643939393939394034e-01
7.647727272727272707e-01
7.652777777777777235e-01
7.654040404040404200e-01
7.664141414141414366e-01
7.667929292929293039e-01
7.670454545454545858e-01
7.675505050505050386e-01
7.680555555555556024e-01
7.681818181818181879e-01
7.685606060606060552e-01
7.688131313131313371e-01
7.691919191919192045e-01
7.693181818181817899e-01
7.695707070707070718e-01
7.699494949494949392e-01
7.702020202020202211e-01
7.705808080808080884e-01
7.710858585858585412e-01
7.712121212121212377e-01
7.717171717171716905e-01
7.723484848484848397e-01
7.726010101010101216e-01
7.729797979797979890e-01
7.732323232323232709e-01
7.734848484848484418e-01
7.742424242424242875e-01
7.747474747474747403e-01
7.755050505050504750e-01
7.756313131313131715e-01
7.760101010101010388e-01
7.761363636363636243e-01
7.765151515151514916e-01
7.767676767676767735e-01
7.768939393939393590e-01
7.772727272727272263e-01
7.777777777777777901e-01
7.781565656565656575e-01
7.784090909090909394e-01
7.792929292929292595e-01
7.800505050505051052e-01
7.803030303030302761e-01
7.806818181818181435e-01
7.811868686868687073e-01
7.815656565656565746e-01
7.820707070707070274e-01
7.824494949494948948e-01
7.829545454545454586e-01
7.833333333333333259e-01
7.835858585858586078e-01
7.837121212121211933e-01
7.844696969696969280e-01
7.849747474747474918e-01
7.852272727272727737e-01
7.856060606060606410e-01
7.859848484848485084e-01
7.863636363636363757e-01
7.864898989898989612e-01
7.867424242424242431e-01
7.868686868686868285e-01
7.872474747474746959e-01
7.874999999999999778e-01
7.877525252525252597e-01
7.881313131313131271e-01
7.886363636363636909e-01
7.891414141414141437e-01
7.893939393939394256e-01
7.897727272727272929e-01
7.900252525252525748e-01
7.902777777777777457e-01
7.906565656565656131e-01
7.911616161616161769e-01
7.912878787878787623e-01
7.915404040404040442e-01
7.917929292929293261e-01
7.921717171717171935e-01
7.922979797979797789e-01
7.925505050505050608e-01
7.929292929292929282e-01
7.931818181818182101e-01
7.934343434343433810e-01
7.938131313131313593e-01
7.939393939393939448e-01
7.941919191919192267e-01
7.945707070707070940e-01
7.948232323232323759e-01
7.949494949494949614e-01
7.952020202020202433e-01
7.957070707070706961e-01
7.959595959595959780e-01
7.967171717171717127e-01
7.969696969696969946e-01
7.973484848484848619e-01
7.976010101010101438e-01
7.979797979797980112e-01
7.982323232323231821e-01
7.983585858585858785e-01
7.988636363636363313e-01
7.989898989898990278e-01
7.993686868686868952e-01
7.996212121212120660e-01
8.003787878787879118e-01
8.006313131313130826e-01
8.008838383838383645e-01
8.011363636363636465e-01
8.012626262626262319e-01
8.016414141414140992e-01
8.017676767676767957e-01
8.021464646464646631e-01
8.023989898989899450e-01
8.029040404040403978e-01
8.030303030303029832e-01
8.032828282828282651e-01
8.037878787878788289e-01
8.042929292929292817e-01
8.044191919191918672e-01
8.046717171717171491e-01
8.050505050505050164e-01
8.053030303030302983e-01
8.054292929292928838e-01
8.056818181818181657e-01
8.058080808080808621e-01
8.060606060606060330e-01
8.064393939393939004e-01
8.068181818181817677e-01
8.071969696969697461e-01
8.075757575757576134e-01
8.078282828282827843e-01
8.083333333333333481e-01
8.087121212121212155e-01
8.088383838383838009e-01
8.090909090909090828e-01
8.106060606060605522e-01
8.108585858585858341e-01
8.111111111111111160e-01
8.113636363636363980e-01
8.123737373737374146e-01
8.123737373737374146e-01
8.127525252525252819e-01
8.132575757575757347e-01
8.136363636363636020e-01
8.138888888888888840e-01
8.140151515151514694e-01
8.140151515151514694e-01
8.142676767676767513e-01
8.142676767676767513e-01
8.147727272727273151e-01
8.151515151515151825e-01
8.154040404040403534e-01
8.154040404040403534e-01
8.156565656565656353e-01
8.161616161616161991e-01
8.165404040404040664e-01
8.167929292929293483e-01
8.172979797979798011e-01
8.175505050505050830e-01
8.183080808080808177e-01
8.188131313131312705e-01
8.196969696969697017e-01
8.199494949494949836e-01
8.209595959595960002e-01
8.212121212121211711e-01
8.213383838383838675e-01
8.215909090909090384e-01
8.219696969696970168e-01
8.223484848484848841e-01
8.226010101010100550e-01
8.231060606060606188e-01
8.233585858585859008e-01
8.236111111111110716e-01
8.239898989898989390e-01
8.252525252525252375e-01
8.256313131313131048e-01
8.258838383838383868e-01
8.263888888888888395e-01
8.265151515151515360e-01
8.267676767676768179e-01
8.271464646464646853e-01
8.271464646464646853e-01
8.279040404040404200e-01
8.281565656565657019e-01
8.282828282828282873e-01
8.287878787878787401e-01
8.290404040404040220e-01
8.292929292929293039e-01
8.294191919191918894e-01
8.299242424242424532e-01
8.300505050505050386e-01
8.303030303030303205e-01
8.328282828282828065e-01
8.330808080808080884e-01
8.342171717171716905e-01
8.344696969696969724e-01
8.347222222222222543e-01
8.349747474747474252e-01
8.351010101010101216e-01
8.353535353535354036e-01
8.356060606060605744e-01
8.358585858585858563e-01
8.363636363636363091e-01
8.366161616161615910e-01
8.369949494949494584e-01
8.373737373737373257e-01
8.383838383838383423e-01
8.386363636363636243e-01
8.387626262626262097e-01
8.390151515151514916e-01
8.391414141414141881e-01
8.392676767676767735e-01
8.397727272727272263e-01
8.400252525252525082e-01
8.411616161616161103e-01
8.414141414141413922e-01
8.417929292929292595e-01
8.422979797979798233e-01
8.435606060606060108e-01
8.436868686868687073e-01
8.444444444444444420e-01
8.446969696969697239e-01
8.449494949494948948e-01
8.452020202020201767e-01
8.479797979797979446e-01
8.482323232323232265e-01
8.487373737373737903e-01
8.487373737373737903e-01
8.492424242424242431e-01
8.493686868686868285e-01
8.516414141414141437e-01
8.518939393939394256e-01
8.520202020202020110e-01
8.522727272727272929e-01
8.523989898989898784e-01
8.527777777777777457e-01
8.537878787878787623e-01
8.540404040404040442e-01
8.550505050505050608e-01
8.553030303030303427e-01
8.558080808080807955e-01
8.558080808080807955e-01
8.561868686868686629e-01
8.564393939393939448e-01
8.601010101010101438e-01
8.601010101010101438e-01
8.603535353535353147e-01
8.635101010101010610e-01
8.638888888888889284e-01
8.643939393939393812e-01
8.646464646464646631e-01
8.659090909090909616e-01
8.661616161616161325e-01
8.672979797979798455e-01
8.676767676767677129e-01
8.685606060606060330e-01
8.685606060606060330e-01
8.689393939393939004e-01
8.691919191919191823e-01
8.698232323232323315e-01
8.700757575757576134e-01
8.718434343434343647e-01
8.722222222222222321e-01
8.723484848484848175e-01
8.723484848484848175e-01
8.727272727272726849e-01
8.729797979797979668e-01
8.729797979797979668e-01
8.732323232323232487e-01
8.741161616161615688e-01
8.741161616161615688e-01
8.763888888888888840e-01
8.766414141414141659e-01
8.771464646464646187e-01
8.773989898989899006e-01
8.781565656565656353e-01
8.781565656565656353e-01
8.786616161616161991e-01
8.790404040404040664e-01
8.791666666666666519e-01
8.794191919191919338e-01
8.856060606060606188e-01
8.858585858585859008e-01
8.859848484848484862e-01
8.862373737373737681e-01
8.878787878787879340e-01
8.881313131313131048e-01
8.881313131313131048e-01
8.946969696969696573e-01
8.946969696969696573e-01
8.969696969696969724e-01
8.969696969696969724e-01
9.104797979797979446e-01
9.104797979797979446e-01
9.161616161616161769e-01
9.161616161616161769e-01
9.172979797979797789e-01
9.172979797979797789e-01
9.241161616161616132e-01
9.243686868686868952e-01
9.251262626262626299e-01
9.251262626262626299e-01
9.262626262626262319e-01
9.262626262626262319e-01
9.270202020202019666e-01
9.270202020202019666e-01
9.315656565656565968e-01
9.315656565656565968e-01
9.327020202020201989e-01
9.327020202020201989e-01
9.333333333333333481e-01
9.333333333333333481e-01
9.362373737373737015e-01
9.362373737373737015e-01
9.387626262626262985e-01
9.387626262626262985e-01
9.393939393939394478e-01
9.393939393939394478e-01
9.443181818181818343e-01
9.443181818181818343e-01
9.463383838383838675e-01
9.463383838383838675e-01
9.486111111111110716e-01
9.486111111111110716e-01
9.506313131313131048e-01
9.506313131313131048e-01
9.521464646464646853e-01
9.521464646464646853e-01
9.532828282828282873e-01
9.532828282828282873e-01
9.542929292929293039e-01
9.542929292929293039e-01
9.561868686868686407e-01
9.561868686868686407e-01
9.565656565656566190e-01
9.565656565656566190e-01
9.570707070707070718e-01
9.570707070707070718e-01
9.583333333333333703e-01
9.583333333333333703e-01
9.602272727272727071e-01
9.602272727272727071e-01
9.625000000000000222e-01
9.625000000000000222e-01
9.642676767676767735e-01
9.642676767676767735e-01
9.656565656565656575e-01
9.656565656565656575e-01
9.657828282828282429e-01
9.657828282828282429e-01
9.659090909090909394e-01
9.659090909090909394e-01
9.661616161616161103e-01
9.661616161616161103e-01
9.665404040404040886e-01
9.665404040404040886e-01
9.667929292929292595e-01
9.667929292929292595e-01
9.669191919191919560e-01
9.669191919191919560e-01
9.684343434343434254e-01
9.684343434343434254e-01
9.685606060606060108e-01
9.685606060606060108e-01
9.689393939393939892e-01
9.689393939393939892e-01
9.690656565656565746e-01
9.690656565656565746e-01
9.691919191919191601e-01
9.691919191919191601e-01
9.710858585858586078e-01
9.710858585858586078e-01
9.713383838383838897e-01
9.713383838383838897e-01
9.714646464646464752e-01
9.714646464646464752e-01
9.722222222222222099e-01
9.722222222222222099e-01
9.727272727272727737e-01
9.727272727272727737e-01
9.744949494949495250e-01
9.744949494949495250e-01
9.746212121212121104e-01
9.746212121212121104e-01
9.747474747474746959e-01
9.747474747474746959e-01
9.753787878787878451e-01
9.753787878787878451e-01
9.755050505050505416e-01
9.755050505050505416e-01
9.763888888888888618e-01
9.763888888888888618e-01
9.768939393939394256e-01
9.768939393939394256e-01
9.775252525252525748e-01
9.775252525252525748e-01
9.776515151515151603e-01
9.776515151515151603e-01
9.777777777777777457e-01
9.777777777777777457e-01
9.782828282828283095e-01
9.782828282828283095e-01
9.784090909090908950e-01
9.784090909090908950e-01
9.785353535353534804e-01
9.785353535353534804e-01
9.787878787878787623e-01
9.787878787878787623e-01
9.789141414141414588e-01
9.789141414141414588e-01
9.790404040404040442e-01
9.790404040404040442e-01
9.797979797979797789e-01
9.797979797979797789e-01
9.799242424242424754e-01
9.799242424242424754e-01
9.804292929292929282e-01
9.804292929292929282e-01
9.805555555555555136e-01
9.805555555555555136e-01
9.815656565656565302e-01
9.815656565656565302e-01
9.825757575757575468e-01
9.825757575757575468e-01
9.829545454545454142e-01
9.829545454545454142e-01
9.830808080808081106e-01
9.830808080808081106e-01
9.832070707070706961e-01
9.832070707070706961e-01
9.834595959595959780e-01
9.834595959595959780e-01
9.838383838383838453e-01
9.838383838383838453e-01
9.842171717171717127e-01
9.842171717171717127e-01
9.844696969696969946e-01
9.844696969696969946e-01
9.845959595959595800e-01
9.845959595959595800e-01
9.851010101010101438e-01
9.851010101010101438e-01
9.853535353535353147e-01
9.853535353535353147e-01
9.859848484848484640e-01
9.859848484848484640e-01
9.861111111111111605e-01
9.861111111111111605e-01
9.862373737373737459e-01
9.862373737373737459e-01
9.864898989898990278e-01
9.864898989898990278e-01
9.866161616161616132e-01
9.866161616161616132e-01
9.869949494949494806e-01
9.869949494949494806e-01
9.875000000000000444e-01
9.875000000000000444e-01
9.876262626262626299e-01
9.876262626262626299e-01
9.878787878787879118e-01
9.878787878787879118e-01
9.880050505050504972e-01
9.880050505050504972e-01
9.883838383838383645e-01
9.883838383838383645e-01
9.886363636363636465e-01
9.886363636363636465e-01
9.888888888888889284e-01
9.888888888888889284e-01
9.890151515151515138e-01
9.890151515151515138e-01
9.892676767676767957e-01
9.892676767676767957e-01
9.897727272727272485e-01
9.897727272727272485e-01
9.898989898989899450e-01
9.898989898989899450e-01
9.900252525252525304e-01
9.900252525252525304e-01
9.901515151515151159e-01
9.901515151515151159e-01
9.902777777777778123e-01
9.902777777777778123e-01
9.905303030303029832e-01
9.905303030303029832e-01
9.909090909090909616e-01
9.909090909090909616e-01
9.911616161616161325e-01
9.911616161616161325e-01
9.912878787878788289e-01
9.912878787878788289e-01
9.914141414141414144e-01
9.914141414141414144e-01
9.916666666666666963e-01
9.916666666666666963e-01
9.917929292929292817e-01
9.917929292929292817e-01
9.920454545454545636e-01
9.920454545454545636e-01
9.921717171717171491e-01
9.921717171717171491e-01
9.922979797979798455e-01
9.922979797979798455e-01
9.924242424242424310e-01
9.924242424242424310e-01
9.925505050505050164e-01
9.925505050505050164e-01
9.926767676767677129e-01
9.926767676767677129e-01
9.928030303030302983e-01
9.928030303030302983e-01
9.929292929292928838e-01
9.929292929292928838e-01
9.930555555555555802e-01
9.930555555555555802e-01
9.931818181818181657e-01
9.931818181818181657e-01
9.933080808080808621e-01
9.933080808080808621e-01
9.934343434343434476e-01
9.934343434343434476e-01
9.935606060606060330e-01
9.935606060606060330e-01
9.936868686868687295e-01
9.936868686868687295e-01
9.938131313131313149e-01
9.938131313131313149e-01
9.940656565656565968e-01
9.940656565656565968e-01
9.943181818181817677e-01
9.943181818181817677e-01
9.944444444444444642e-01
9.944444444444444642e-01
9.945707070707070496e-01
9.945707070707070496e-01
9.946969696969697461e-01
9.946969696969697461e-01
9.948232323232323315e-01
9.948232323232323315e-01
9.949494949494949170e-01
9.949494949494949170e-01
9.950757575757576134e-01
9.950757575757576134e-01
9.952020202020201989e-01
9.952020202020201989e-01
9.953282828282827843e-01
9.953282828282827843e-01
9.955808080808080662e-01
9.955808080808080662e-01
9.957070707070706517e-01
9.957070707070706517e-01
9.958333333333333481e-01
9.958333333333333481e-01
9.959595959595959336e-01
9.959595959595959336e-01
9.960858585858586300e-01
9.960858585858586300e-01
9.963383838383838009e-01
9.963383838383838009e-01
9.964646464646464974e-01
9.964646464646464974e-01
9.965909090909090828e-01
9.965909090909090828e-01
9.967171717171716683e-01
9.967171717171716683e-01
9.968434343434343647e-01
9.968434343434343647e-01
9.969696969696969502e-01
9.969696969696969502e-01
9.970959595959596466e-01
9.970959595959596466e-01
9.972222222222222321e-01
9.972222222222222321e-01
9.973484848484848175e-01
9.973484848484848175e-01
9.974747474747475140e-01
9.974747474747475140e-01
9.976010101010100994e-01
9.976010101010100994e-01
9.977272727272726849e-01
9.977272727272726849e-01
9.978535353535353813e-01
9.978535353535353813e-01
9.979797979797979668e-01
9.979797979797979668e-01
9.981060606060605522e-01
9.981060606060605522e-01
9.982323232323232487e-01
9.982323232323232487e-01
9.983585858585858341e-01
9.983585858585858341e-01
9.984848484848485306e-01
9.984848484848485306e-01
9.986111111111111160e-01
9.986111111111111160e-01
9.987373737373737015e-01
9.987373737373737015e-01
9.988636363636363980e-01
9.988636363636363980e-01
9.989898989898989834e-01
9.989898989898989834e-01
9.991161616161615688e-01
9.991161616161615688e-01
9.992424242424242653e-01
9.992424242424242653e-01
9.993686868686868507e-01
9.993686868686868507e-01
9.994949494949495472e-01
9.994949494949495472e-01
9.996212121212121327e-01
9.996212121212121327e-01
9.997474747474747181e-01
9.997474747474747181e-01
9.998737373737374146e-01
9.998737373737374146e-01
1.000000000000000000e+00
1.000000000000000000e+00
